--[[
	WARNING: Heads up! This script has not been verified by ScriptBlox. Use at your own risk!
]]
-- Load UI Library
local Library = loadstring(game:HttpGet("https://raw.githubusercontent.com/x2zu/OPEN-SOURCE-UI-ROBLOX/refs/heads/main/X2ZU%20UI%20ROBLOX%20OPEN%20SOURCE/DummyUi-leak-by-x2zu/fetching-main/Tools/Framework.luau"))()

local StarterGui = game:GetService("StarterGui")

StarterGui:SetCore("SendNotification", {
    Title = "Cat Hub",
    Text = "欢迎使用",
    Icon = "star",
    Duration = 5
})

local StarterGui = game:GetService("StarterGui")

StarterGui:SetCore("SendNotification", {
    Title = "Cat Hub",
    Text = "加载完毕",
    Icon = "star",
    Duration = 8
})

-- Create Main Window
local Window = Library:Window({
    Title = "Cat Hub",
    Desc = "感谢游玩与支持",
    Icon = 105059922903197,
    Theme = "Dark",
    Config = {
        Keybind = Enum.KeyCode.LeftControl,
        Size = UDim2.new(0, 500, 0, 350)
    },
    CloseUIButton = {
        Enabled = true,
        Text = "关闭/打开"
    }
})

-- Sidebar Vertical Separator
local SidebarLine = Instance.new("Frame")
SidebarLine.Size = UDim2.new(0, 1, 1, 0)
SidebarLine.Position = UDim2.new(0, 140, 0, 0) -- adjust if needed
SidebarLine.BackgroundColor3 = Color3.fromRGB(60, 60, 60)
SidebarLine.BorderSizePixel = 0
SidebarLine.ZIndex = 5
SidebarLine.Name = "SidebarLine"
SidebarLine.Parent = game:GetService("CoreGui") -- Or Window.Gui if accessible

--Tab
local Tab = Window:Tab({Title = "主页", Icon = "star"}) do
    -- Section
    Tab:Section({Title = "感谢游玩\nBy Ccat\nQQ3395858053\n感谢Gz-神明支持"})

    -- Toggle
    Tab:Toggle({
        Title = "Enable Feature",
        Desc = "Toggle to enable or disable the feature",
        Value = false,
        Callback = function(v)
            print("Toggle:", v)
        end
    })

    -- Button
    Tab:Button({
        Title = "Run Action",
        Desc = "Click to perform something",
        Callback = function()
            print("Button clicked!")
            Window:Notify({
                Title = "Button",
                Desc = "Action performed successfully.",
                Time = 3
            })
        end
    })

    -- Textbox
    Tab:Textbox({
        Title = "Input Text",
        Desc = "Type something here",
        Placeholder = "Enter value",
        Value = "",
        ClearTextOnFocus = false,
        Callback = function(text)
            print("Textbox value:", text)
        end
    })

    -- Slider
    Tab:Slider({
        Title = "设置速度",
        Min = 0,
        Max = 100,
        Rounding = 0,
        Value = 25,
        Callback = function(val)
            print("Slider:", val)
        end
    })

    -- Dropdown
    Tab:Dropdown({
        Title = "Choose Option",
        List = {"Option 1", "Option 2", "Option 3"},
        Value = "Option 1",
        Callback = function(choice)
            print("Selected:", choice)
        end
    })

    -- Code Display
    local CodeBlock = Tab:Code({
        Title = "Example Code",
        Code = "-- This is a code preview\nprint('Hello world')"
    })

    -- Simulate update
    task.delay(5, function()
        CodeBlock:SetCode("-- Updated!\nprint('New content loaded')")
    end)
end

-- Line Separator
Window:Line()

-- Another Tab Example
local Tab = Window:MakeTab({"传送", "cool"})

Tab:AddButton({"城市", function()
game.Players.LocalPlayer.Character.HumanoidRootPart.CFrame = CFrame.new(-9682.98828, 74.8522873, 3099.03394, 0.087131381, 0, 0.996196866, 0, 1, 0, -0.996196866, 0, 0.087131381)
end})

Tab:AddButton({"白雪城", function()
game.Players.LocalPlayer.Character.HumanoidRootPart.CFrame = CFrame.new(-9676.13867, 74.8522873, 3782.69385, 0, 0, -1, 0, 1, 0, 1, 0, 0)
end})

Tab:AddButton({"熔岩城", function()
game.Players.LocalPlayer.Character.HumanoidRootPart.CFrame = CFrame.new(-11054.9688, 232.791656, 4898.62842, -0.0872479677, 0.000158954252, -0.996186614, -0.00054083002, 0.999999821, 0.00020692969, 0.996186495, 0.000556821818, -0.0872478485)
end})

Tab:AddButton({"传奇公路", function()
game.Players.LocalPlayer.Character.HumanoidRootPart.CFrame = CFrame.new(-13098.8711, 232.791656, 5907.62793, -0.0872479677, 0.000158954252, -0.996186614, -0.00054083002, 0.999999821, 0.00020692969, 0.996186495, 0.000556821818, -0.0872478485)
end})

local Extra = Window:Tab({Title = "设置", Icon = "wrench"}) do
    Extra:Section({Title = "Config"})
    Extra:Button({
        Title = "Show Message",
        Desc = "Display a popup",
        Callback = function()
            Window:Notify({
                Title = "Fluent UI",
                Desc = "Everything works fine!",
                Time = 3
            })
        end
    })
end
-- Final Notification
Window:Notify({
    Title = "x2zu",
    Desc = "All components loaded successfully! Credits leak: @x2zu",
    Time = 4
})